1.0
2.0
0.0
375.0
276.0
653.0
228.0
412.0
213.0
383.0
310.0
626.0
97.0
593.0
541.0
285.0
477.0
7.0
442.0
634.0
367.0
172.0
73.0
159.0
438.0
486.0
630.0
500.0
526.0
322.0
585.0
103.0
469.0
61.0
326.0
170.0
192.0
92.0
87.0
106.0
312.0
268.0
173.0
119.0
102.0
203.0
126.0
158.0
387.0
187.0
684.0
351.0
504.0
52.0
522.0
10.0
686.0
25.0
350.0
108.0
621.0
62.0
321.0
323.0
304.0
388.0
448.0
248.0
362.0
260.0
355.0
568.0
303.0
560.0
140.0
610.0
273.0
496.0
583.0
643.0
672.0
518.0
474.0
677.0
262.0
382.0
378.0
242.0
463.0
666.0
84.0
439.0
488.0
627.0
354.0
470.0
234.0
524.0
444.0
540.0
74.0
554.0
202.0
151.0
573.0
623.0
537.0
403.0
174.0
603.0
670.0
608.0
595.0
189.0
116.0
640.0
251.0
498.0
113.0
41.0
642.0
101.0
618.0
136.0
45.0
80.0
408.0
426.0
233.0
300.0
139.0
157.0
352.0
521.0
56.0
39.0
257.0
420.0
110.0
127.0
683.0
247.0
31.0
457.0
214.0
75.0
549.0
659.0
372.0
606.0
428.0
271.0
419.0
63.0
163.0
302.0
433.0
150.0
309.0
12.0
184.0
177.0
76.0
567.0
182.0
301.0
584.0
318.0
261.0
278.0
123.0
171.0
431.0
204.0
54.0
334.0
381.0
368.0
51.0
530.0
592.0
374.0
510.0
199.0
416.0
253.0
467.0
674.0
489.0
164.0
175.0
230.0
325.0
414.0
4.0
614.0
523.0
288.0
132.0
308.0
23.0
635.0
364.0
363.0
393.0
434.0
342.0
665.0
413.0
68.0
15.0
423.0
98.0
483.0
190.0
373.0
365.0
415.0
124.0
369.0
21.0
525.0
570.0
346.0
65.0
341.0
669.0
218.0
543.0
528.0
667.0
394.0
651.0
142.0
407.0
445.0
295.0
286.0
422.0
212.0
90.0
156.0
14.0
671.0
263.0
50.0
561.0
611.0
580.0
656.0
493.0
512.0
391.0
506.0
254.0
650.0
137.0
446.0
613.0
660.0
327.0
333.0
622.0
553.0
258.0
437.0
490.0
167.0
291.0
81.0
160.0
601.0
462.0
26.0
201.0
563.0
647.0
657.0
406.0
644.0
468.0
548.0
128.0
455.0
55.0
200.0
130.0
513.0
520.0
599.0
539.0
146.0
162.0
499.0
246.0
59.0
78.0
531.0
196.0
594.0
209.0
633.0
533.0
27.0
46.0
100.0
169.0
609.0
185.0
270.0
628.0
89.0
588.0
569.0
615.0
641.0
207.0
516.0
639.0
478.0
505.0
466.0
591.0
20.0
305.0
471.0
181.0
72.0
283.0
682.0
358.0
685.0
331.0
361.0
105.0
219.0
395.0
418.0
636.0
421.0
337.0
11.0
6.0
118.0
155.0
122.0
79.0
306.0
180.0
624.0
556.0
284.0
17.0
602.0
545.0
277.0
371.0
299.0
557.0
153.0
149.0
572.0
220.0
410.0
131.0
384.0
485.0
206.0
29.0
508.0
637.0
451.0
94.0
632.0
400.0
688.0
681.0
145.0
244.0
49.0
565.0
680.0
195.0
648.0
144.0
417.0
42.0
582.0
336.0
605.0
241.0
662.0
239.0
293.0
514.0
3.0
664.0
625.0
357.0
315.0
450.0
547.0
454.0
590.0
259.0
503.0
193.0
370.0
18.0
36.0
88.0
430.0
35.0
675.0
397.0
534.0
287.0
274.0
245.0
449.0
216.0
134.0
183.0
552.0
289.0
297.0
345.0
517.0
679.0
292.0
53.0
502.0
339.0
104.0
562.0
317.0
576.0
559.0
280.0
597.0
661.0
329.0
34.0
13.0
266.0
93.0
47.0
465.0
115.0
256.0
456.0
638.0
577.0
491.0
264.0
427.0
649.0
436.0
390.0
398.0
133.0
527.0
538.0
250.0
44.0
347.0
344.0
673.0
335.0
447.0
109.0
392.0
77.0
332.0
58.0
114.0
272.0
655.0
494.0
40.0
386.0
359.0
9.0
224.0
125.0
138.0
86.0
141.0
492.0
484.0
313.0
340.0
48.0
356.0
360.0
316.0
19.0
147.0
389.0
542.0
32.0
481.0
600.0
574.0
37.0
148.0
229.0
441.0
475.0
429.0
385.0
281.0
91.0
265.0
620.0
208.0
311.0
57.0
678.0
225.0
663.0
578.0
668.0
443.0
85.0
612.0
480.0
179.0
604.0
476.0
399.0
645.0
558.0
507.0
402.0
440.0
459.0
215.0
343.0
652.0
117.0
43.0
221.0
328.0
95.0
472.0
60.0
348.0
377.0
231.0
646.0
401.0
435.0
555.0
194.0
571.0
240.0
515.0
330.0
210.0
237.0
324.0
379.0
353.0
349.0
460.0
69.0
579.0
154.0
654.0
575.0
282.0
464.0
676.0
519.0
71.0
178.0
67.0
380.0
495.0
111.0
294.0
497.0
452.0
5.0
482.0
161.0
252.0
236.0
298.0
99.0
269.0
135.0
152.0
112.0
143.0
425.0
473.0
405.0
22.0
165.0
38.0
479.0
461.0
198.0
296.0
629.0
458.0
487.0
82.0
64.0
631.0
432.0
617.0
409.0
191.0
249.0
267.0
70.0
587.0
424.0
509.0
546.0
550.0
28.0
564.0
222.0
536.0
279.0
227.0
197.0
238.0
535.0
366.0
168.0
176.0
551.0
453.0
226.0
566.0
319.0
607.0
232.0
501.0
66.0
235.0
619.0
211.0
290.0
589.0
307.0
596.0
243.0
396.0
24.0
338.0
223.0
320.0
616.0
529.0
586.0
96.0
129.0
107.0
16.0
30.0
314.0
275.0
83.0
166.0
404.0
598.0
411.0
205.0
120.0
544.0
121.0
532.0
511.0
255.0
8.0
217.0
188.0
186.0
33.0
687.0
376.0
581.0
658.0
